postal_code,10-14,15-19,20-24,25-29,30-34,35-39,40-44,45-49,50-54,55-59,60-64,65-69,70-74,75-79,80-85,85_plus
M4N,490.0,530.0,420.0,350.0,450.0,410.0,525.0,565.0,675.0,600.0,540.0,495.0,475.0,400.0,285.0,580.0
M4P,420.0,440.0,810.0,1715.0,1785.0,1295.0,985.0,890.0,795.0,760.0,650.0,635.0,540.0,435.0,290.0,235.0
M4R,340.0,385.0,335.0,445.0,510.0,410.0,445.0,495.0,475.0,445.0,365.0,350.0,305.0,220.0,110.0,120.0
M4S,555.0,565.0,780.0,1755.0,2030.0,1520.0,1210.0,1045.0,1020.0,950.0,810.0,760.0,650.0,505.0,345.0,635.0
M4T,240.0,205.0,260.0,315.0,355.0,400.0,370.0,340.0,340.0,415.0,410.0,425.0,390.0,285.0,205.0,215.0
M4V,355.0,335.0,465.0,895.0,1025.0,770.0,585.0,610.0,650.0,670.0,650.0,680.0,690.0,535.0,430.0,510.0
M5N,500.0,555.0,460.0,455.0,455.0,560.0,585.0,570.0,645.0,580.0,595.0,565.0,415.0,260.0,190.0,285.0
M5P,450.0,535.0,565.0,875.0,865.0,805.0,645.0,690.0,700.0,640.0,640.0,665.0,745.0,520.0,320.0,405.0
M5R,300.0,380.0,1015.0,1560.0,1455.0,1000.0,765.0,750.0,725.0,870.0,850.0,885.0,860.0,620.0,485.0,580.0
M4W,265.0,350.0,625.0,710.0,680.0,510.0,385.0,415.0,520.0,580.0,530.0,570.0,495.0,440.0,260.0,250.0
M4X,360.0,375.0,635.0,840.0,935.0,800.0,670.0,590.0,645.0,660.0,600.0,485.0,425.0,275.0,165.0,145.0
M4Y,170.0,550.0,2890.0,3295.0,2435.0,1340.0,820.0,660.0,720.0,695.0,605.0,540.0,430.0,345.0,245.0,275.0
M5A,690.0,800.0,1770.0,3130.0,3325.0,2410.0,1685.0,1555.0,1370.0,1350.0,1095.0,985.0,780.0,515.0,340.0,300.0
M5B,100.0,275.0,1595.0,1705.0,1175.0,630.0,385.0,345.0,355.0,360.0,320.0,250.0,215.0,145.0,95.0,85.0
M5C,25.0,20.0,90.0,275.0,255.0,170.0,105.0,100.0,80.0,90.0,100.0,65.0,50.0,35.0,15.0,10.0
M5E,65.0,80.0,395.0,1235.0,1030.0,605.0,335.0,275.0,240.0,300.0,290.0,235.0,210.0,170.0,115.0,105.0
M5G,70.0,120.0,750.0,1085.0,875.0,470.0,230.0,195.0,205.0,200.0,165.0,140.0,110.0,55.0,50.0,35.0
M5H,20.0,15.0,240.0,390.0,275.0,150.0,75.0,65.0,50.0,70.0,45.0,35.0,30.0,15.0,10.0,5.0
M5J,100.0,105.0,675.0,1720.0,1470.0,815.0,510.0,360.0,370.0,380.0,400.0,310.0,315.0,205.0,120.0,130.0
M5S,120.0,340.0,1550.0,1445.0,975.0,600.0,420.0,315.0,400.0,410.0,335.0,360.0,400.0,300.0,250.0,310.0
M5T,185.0,270.0,1080.0,1305.0,970.0,695.0,485.0,440.0,480.0,540.0,520.0,430.0,380.0,285.0,240.0,410.0
M5V,320.0,355.0,2765.0,7610.0,6475.0,3440.0,1910.0,1345.0,1010.0,955.0,745.0,550.0,425.0,240.0,125.0,120.0
M6G,620.0,550.0,955.0,1575.0,1595.0,1320.0,960.0,985.0,1025.0,960.0,825.0,755.0,680.0,570.0,495.0,905.0
M4E,765.0,740.0,560.0,595.0,825.0,1045.0,1050.0,1030.0,1080.0,1025.0,895.0,810.0,610.0,385.0,205.0,210.0
M4K,710.0,665.0,705.0,970.0,1165.0,1285.0,1300.0,1190.0,1170.0,1190.0,1030.0,960.0,845.0,550.0,405.0,395.0
M4L,925.0,700.0,630.0,865.0,1390.0,1505.0,1430.0,1280.0,1240.0,1210.0,1015.0,875.0,595.0,375.0,240.0,280.0
M4M,520.0,410.0,540.0,1130.0,1475.0,1275.0,1095.0,985.0,860.0,790.0,645.0,550.0,420.0,225.0,195.0,280.0
M4B,510.0,465.0,520.0,600.0,620.0,625.0,710.0,640.0,760.0,725.0,720.0,575.0,410.0,320.0,240.0,335.0
M4C,1140.0,1020.0,1045.0,1415.0,1920.0,2095.0,2055.0,1820.0,1570.0,1660.0,1500.0,1305.0,905.0,565.0,440.0,560.0
M4G,645.0,635.0,530.0,390.0,555.0,590.0,700.0,770.0,895.0,785.0,745.0,595.0,510.0,405.0,235.0,360.0
M4H,750.0,560.0,540.0,610.0,735.0,740.0,630.0,585.0,490.0,425.0,405.0,360.0,300.0,210.0,190.0,350.0
M4J,950.0,785.0,800.0,975.0,1260.0,1445.0,1545.0,1355.0,1325.0,1255.0,1175.0,1005.0,865.0,550.0,435.0,450.0
M8V,730.0,610.0,1150.0,2205.0,2700.0,2110.0,1550.0,1430.0,1395.0,1600.0,1465.0,1345.0,1080.0,695.0,525.0,465.0
M8W,485.0,415.0,520.0,725.0,1015.0,950.0,870.0,730.0,780.0,855.0,785.0,640.0,505.0,335.0,230.0,335.0
M8X,285.0,285.0,250.0,215.0,260.0,250.0,310.0,365.0,430.0,450.0,425.0,435.0,435.0,325.0,235.0,335.0
M8Y,500.0,410.0,515.0,820.0,975.0,1010.0,875.0,815.0,795.0,800.0,785.0,590.0,420.0,275.0,230.0,280.0
M8Z,420.0,395.0,445.0,610.0,710.0,780.0,780.0,700.0,635.0,645.0,570.0,450.0,395.0,285.0,245.0,335.0
M9A,845.0,875.0,1075.0,1400.0,1430.0,1300.0,1185.0,1210.0,1330.0,1410.0,1295.0,1205.0,1050.0,695.0,605.0,895.0
M9B,845.0,805.0,940.0,1080.0,1200.0,1230.0,1180.0,1125.0,1205.0,1280.0,1215.0,930.0,745.0,560.0,455.0,550.0
M9C,930.0,940.0,1040.0,1235.0,1270.0,1380.0,1155.0,1180.0,1535.0,1575.0,1520.0,1285.0,1080.0,800.0,755.0,1100.0
M9P,525.0,525.0,605.0,555.0,645.0,700.0,680.0,640.0,795.0,825.0,760.0,640.0,555.0,425.0,410.0,790.0
M9R,905.0,980.0,1055.0,1090.0,1105.0,1145.0,1130.0,1085.0,1130.0,1235.0,1075.0,955.0,880.0,620.0,530.0,720.0
M9V,1605.0,1775.0,2185.0,2260.0,1750.0,1780.0,1755.0,1840.0,1885.0,1890.0,1545.0,1275.0,1150.0,765.0,600.0,575.0
M9W,995.0,1105.0,1440.0,1805.0,1520.0,1420.0,1295.0,1225.0,1455.0,1475.0,1385.0,1130.0,875.0,635.0,450.0,575.0
M2H,565.0,515.0,720.0,775.0,660.0,645.0,660.0,815.0,935.0,880.0,850.0,850.0,875.0,645.0,560.0,575.0
M2J,1415.0,1360.0,2090.0,3045.0,2915.0,2405.0,2145.0,2055.0,2115.0,1995.0,1835.0,1655.0,1470.0,1100.0,900.0,900.0
M2K,430.0,440.0,785.0,1310.0,1415.0,1115.0,870.0,810.0,865.0,815.0,845.0,750.0,695.0,520.0,450.0,625.0
M2L,335.0,365.0,365.0,315.0,300.0,265.0,330.0,440.0,490.0,460.0,415.0,370.0,350.0,245.0,180.0,185.0
M2M,500.0,700.0,1065.0,1390.0,1285.0,1045.0,1045.0,1085.0,1180.0,1215.0,1210.0,1000.0,915.0,710.0,570.0,875.0
M2N,1330.0,1460.0,2560.0,4270.0,4350.0,3265.0,2735.0,2530.0,2570.0,2445.0,2225.0,2000.0,1755.0,1225.0,1050.0,1140.0
M2P,245.0,240.0,220.0,170.0,190.0,210.0,250.0,270.0,350.0,335.0,310.0,280.0,235.0,115.0,110.0,120.0
M2R,880.0,960.0,1290.0,1345.0,1265.0,1445.0,1545.0,1610.0,1565.0,1640.0,1435.0,1270.0,1120.0,720.0,800.0,930.0
M3A,915.0,990.0,1115.0,1215.0,1225.0,1200.0,1285.0,1295.0,1320.0,1415.0,1185.0,925.0,760.0,610.0,450.0,510.0
M3B,400.0,440.0,355.0,260.0,250.0,350.0,370.0,470.0,615.0,520.0,490.0,380.0,430.0,325.0,275.0,360.0
M3C,1035.0,1025.0,1110.0,1480.0,1580.0,1460.0,1390.0,1305.0,1370.0,1365.0,1215.0,1135.0,1070.0,850.0,685.0,805.0
M3H,990.0,1040.0,1255.0,1335.0,1370.0,1490.0,1610.0,1475.0,1480.0,1455.0,1310.0,1005.0,840.0,540.0,405.0,670.0
M3J,565.0,725.0,1360.0,1285.0,1010.0,935.0,855.0,810.0,920.0,940.0,755.0,535.0,490.0,360.0,325.0,380.0
M3K,185.0,175.0,235.0,350.0,325.0,305.0,330.0,275.0,290.0,290.0,225.0,155.0,135.0,110.0,115.0,130.0
M3L,550.0,615.0,705.0,625.0,605.0,685.0,735.0,655.0,740.0,675.0,635.0,470.0,405.0,330.0,305.0,315.0
M3M,560.0,665.0,845.0,950.0,850.0,930.0,985.0,890.0,965.0,990.0,860.0,595.0,510.0,385.0,340.0,415.0
M3N,1390.0,1365.0,1555.0,1445.0,1355.0,1470.0,1405.0,1485.0,1565.0,1505.0,1295.0,985.0,815.0,580.0,530.0,615.0
M4A,350.0,340.0,410.0,475.0,490.0,490.0,540.0,465.0,545.0,550.0,510.0,465.0,410.0,320.0,320.0,420.0
M5M,965.0,900.0,725.0,465.0,555.0,790.0,950.0,1065.0,1150.0,1045.0,895.0,705.0,605.0,440.0,270.0,305.0
M6A,670.0,680.0,800.0,910.0,940.0,905.0,930.0,875.0,815.0,785.0,720.0,600.0,450.0,315.0,300.0,485.0
M6B,730.0,795.0,845.0,935.0,1010.0,995.0,1000.0,1005.0,1085.0,1040.0,1030.0,900.0,730.0,490.0,470.0,730.0
M6L,545.0,535.0,680.0,680.0,620.0,665.0,720.0,690.0,790.0,780.0,690.0,505.0,420.0,355.0,415.0,650.0
M9L,325.0,350.0,430.0,450.0,355.0,335.0,355.0,385.0,395.0,420.0,335.0,275.0,310.0,275.0,255.0,230.0
M9M,715.0,765.0,850.0,905.0,940.0,940.0,905.0,825.0,895.0,830.0,775.0,550.0,460.0,295.0,325.0,255.0
M7A,,,,,,,,,,,,,,,,
M1B,1790.0,1955.0,2390.0,2575.0,2355.0,2140.0,2080.0,2210.0,2315.0,2570.0,2265.0,2020.0,1760.0,1175.0,755.0,625.0
M1C,940.0,975.0,1195.0,1055.0,900.0,1020.0,1095.0,1120.0,1310.0,1480.0,1430.0,1245.0,1090.0,755.0,465.0,395.0
M1E,1340.0,1370.0,1635.0,1620.0,1555.0,1525.0,1550.0,1560.0,1790.0,1915.0,1730.0,1435.0,1195.0,930.0,695.0,770.0
M1G,940.0,930.0,1165.0,1310.0,1105.0,1015.0,1005.0,930.0,975.0,970.0,915.0,720.0,680.0,495.0,435.0,410.0
M1H,600.0,550.0,825.0,1095.0,1010.0,855.0,765.0,770.0,860.0,835.0,750.0,645.0,490.0,385.0,310.0,435.0
M1J,1125.0,1190.0,1315.0,1385.0,1335.0,1320.0,1285.0,1325.0,1300.0,1335.0,1200.0,900.0,740.0,550.0,400.0,535.0
M1K,1325.0,1355.0,1555.0,1685.0,1825.0,1710.0,1625.0,1630.0,1730.0,1905.0,1690.0,1365.0,1075.0,755.0,585.0,560.0
M1L,1005.0,985.0,1055.0,1115.0,1360.0,1445.0,1340.0,1305.0,1260.0,1265.0,1055.0,785.0,615.0,400.0,350.0,645.0
M1M,665.0,735.0,715.0,690.0,615.0,715.0,700.0,805.0,905.0,980.0,895.0,735.0,585.0,385.0,310.0,470.0
M1N,600.0,585.0,565.0,650.0,710.0,745.0,800.0,880.0,875.0,1025.0,865.0,715.0,625.0,365.0,270.0,385.0
M1P,1110.0,1195.0,1660.0,1795.0,1690.0,1560.0,1385.0,1500.0,1500.0,1715.0,1500.0,1300.0,1025.0,695.0,685.0,975.0
M1R,760.0,840.0,985.0,1085.0,1010.0,1045.0,985.0,995.0,1120.0,1235.0,1110.0,865.0,675.0,485.0,440.0,545.0
M1S,720.0,795.0,1270.0,1510.0,1420.0,1180.0,1000.0,1095.0,1395.0,1540.0,1455.0,1250.0,1070.0,770.0,660.0,920.0
M1T,815.0,830.0,1065.0,1215.0,1130.0,1100.0,1000.0,1105.0,1275.0,1390.0,1260.0,1050.0,1085.0,855.0,800.0,1035.0
M1V,1135.0,1085.0,1505.0,1625.0,1670.0,1655.0,1420.0,1570.0,1800.0,2150.0,2070.0,1865.0,1615.0,960.0,815.0,1000.0
M1W,1045.0,1205.0,1315.0,1515.0,1375.0,1405.0,1270.0,1535.0,1855.0,1975.0,1830.0,1720.0,1635.0,1140.0,990.0,1215.0
M1X,480.0,490.0,640.0,555.0,500.0,450.0,490.0,490.0,555.0,615.0,500.0,415.0,290.0,190.0,105.0,100.0
M6H,835.0,700.0,1230.0,2280.0,2815.0,2240.0,1675.0,1405.0,1325.0,1295.0,1125.0,1000.0,830.0,645.0,515.0,555.0
M6J,420.0,395.0,925.0,2295.0,2385.0,1715.0,1215.0,1000.0,960.0,850.0,680.0,670.0,490.0,415.0,375.0,445.0
M6K,500.0,560.0,1210.0,3315.0,3515.0,2355.0,1620.0,1275.0,1065.0,990.0,915.0,765.0,625.0,400.0,355.0,430.0
M6P,770.0,675.0,930.0,1800.0,2465.0,2130.0,1735.0,1515.0,1285.0,1240.0,1175.0,1015.0,915.0,525.0,375.0,430.0
M6R,475.0,455.0,425.0,775.0,1110.0,970.0,815.0,800.0,740.0,670.0,520.0,380.0,310.0,215.0,160.0,225.0
M6S,1080.0,850.0,730.0,880.0,1325.0,1460.0,1445.0,1355.0,1300.0,1290.0,1160.0,1025.0,800.0,545.0,365.0,440.0
M6C,625.0,525.0,610.0,885.0,1115.0,1030.0,910.0,895.0,815.0,830.0,755.0,755.0,635.0,420.0,320.0,345.0
M6E,735.0,855.0,1060.0,1415.0,1610.0,1540.0,1400.0,1405.0,1390.0,1355.0,1290.0,990.0,850.0,610.0,525.0,575.0
M6M,1215.0,1240.0,1400.0,1505.0,1650.0,1575.0,1525.0,1470.0,1610.0,1730.0,1480.0,1070.0,865.0,585.0,550.0,645.0
M6N,985.0,990.0,1125.0,1420.0,1565.0,1700.0,1520.0,1305.0,1375.0,1520.0,1405.0,1125.0,940.0,630.0,440.0,515.0
M9N,680.0,690.0,820.0,905.0,1035.0,1035.0,935.0,870.0,970.0,990.0,870.0,725.0,550.0,330.0,295.0,340.0
